2.333566923615977562e-01
2.873160476524176665e-02
4.145059565522074552e-01
5.854940434477925448e-01
6.306937631394534186e-03
1.513665031534688066e-01
3.608969866853539016e-02
1.051156271899088973e-02
7.957252978276103672e-01
1.716888577435178587e-02
8.745620182200420922e-01
1.082690960056061635e-01
2.000700770847932686e-01
1.997196916608268979e-01
2.000700770847932686e-01
2.000700770847932686e-01
2.000700770847932686e-01
1.934127540294323655e-01
1.944639103013314774e-01
2.042747021723896328e-01
2.056762438682550875e-01
2.021723896285914368e-01
1.965662228451296456e-01
1.871058163980378330e-01
2.102312543798177946e-01
1.916608269096005679e-01
2.144358794674141588e-01
1.902592852137351132e-01
2.207428170988087052e-02
2.613875262789068232e-01
2.431674842326559116e-01
2.831114225648213023e-01
1.699369306236860611e-01
1.976173791170287297e-01
1.965662228451296456e-01
2.298528381219341332e-01
2.060266292922214304e-01
1.962158374211632750e-01
1.965662228451296456e-01
2.039243167484232622e-01
2.025227750525578074e-01
2.007708479327260098e-01
1.941135248773651067e-01
1.811492641906096712e-01
1.688857743517869769e-01
2.161878065872459842e-01
2.396636299929922886e-01
1.997196916608268979e-01
1.695865451997196904e-01
2.130343377715487041e-01
2.154870357393132430e-01
2.021723896285914368e-01
1.601261387526278779e-01
3.163980378416257899e-01
2.747021723896285739e-01
2.487736510161177306e-01
