1.908783783783783716e-01
7.094594594594594295e-02
5.236486486486486847e-01
4.763513513513513709e-01
8.445945945945946415e-03
2.060810810810810856e-01
2.364864864864864996e-02
1.182432432432432498e-02
7.500000000000000000e-01
2.702702702702702853e-02
8.361486486486486847e-01
1.368243243243243146e-01
2.010135135135135143e-01
1.993243243243243146e-01
1.976351351351351426e-01
2.010135135135135143e-01
2.010135135135135143e-01
1.993243243243243146e-01
1.841216216216216284e-01
2.077702702702702575e-01
1.993243243243243146e-01
2.094594594594594572e-01
2.010135135135135143e-01
1.875000000000000000e-01
2.060810810810810856e-01
2.010135135135135143e-01
2.043918918918918859e-01
1.030405405405405428e-01
2.432432432432432567e-01
2.533783783783783994e-01
1.604729729729729715e-01
2.398648648648648574e-01
1.739864864864864857e-01
2.229729729729729715e-01
1.959459459459459429e-01
2.060810810810810856e-01
2.010135135135135143e-01
2.010135135135135143e-01
1.976351351351351426e-01
2.010135135135135143e-01
1.959459459459459429e-01
2.043918918918918859e-01
1.435810810810810856e-01
2.483108108108108003e-01
1.486486486486486569e-01
2.280405405405405428e-01
2.314189189189189144e-01
1.503378378378378288e-01
2.466216216216216284e-01
1.773648648648648574e-01
2.229729729729729715e-01
2.027027027027027140e-01
3.445945945945945721e-01
3.260135135135134865e-01
3.293918918918918859e-01
