2.077087794432548318e-01
3.973352367356650094e-02
4.539614561027837114e-01
5.460385438972162886e-01
9.517011658339281227e-03
1.617891981917677913e-01
3.378539138710445061e-02
1.379966690459195726e-02
7.811087318581965144e-01
8.803235783963835048e-02
7.085415179633595129e-01
2.034261241970021505e-01
2.000951701165833985e-01
1.998572448251249023e-01
2.000951701165833985e-01
1.998572448251249023e-01
2.000951701165833985e-01
1.843921008803235673e-01
2.143706876040923082e-01
2.005710206995003630e-01
1.943849631215798235e-01
2.062812276945039380e-01
1.901023078753271423e-01
2.036640494884606190e-01
2.058053771115869734e-01
1.934332619557458943e-01
2.069950035688793710e-01
1.506067094932191375e-01
2.479181536997382695e-01
1.917677849155365322e-01
1.865334285034499218e-01
2.231739233880561390e-01
1.660718534380204725e-01
1.984296930763740086e-01
2.255531763026409620e-01
2.024744230311682214e-01
2.074708541517963356e-01
1.946228884130383197e-01
2.015227218653342922e-01
2.008089459909588315e-01
2.010468712824173276e-01
2.019985724482512568e-01
1.851058767546990280e-01
1.724958363073994805e-01
2.141327623126338398e-01
2.129431358553414144e-01
2.153223887699262373e-01
1.570306923625981455e-01
2.136569117297168752e-01
2.046157506542945481e-01
2.212705210563882807e-01
2.034261241970021505e-01
2.115155841065905207e-01
3.561741613133476148e-01
4.323102545800618368e-01
