8.634111818825195017e-02
3.538570417551309064e-03
3.956121726822363627e-01
6.043878273177636373e-01
1.132342533616419004e-02
1.111111111111111049e-01
2.193913658881811724e-02
1.203113941967445116e-02
8.435951875442321279e-01
2.002830856334041065e-01
1.995753715498938541e-01
2.002830856334041065e-01
1.995753715498938541e-01
2.002830856334041065e-01
1.875442321302193960e-01
2.123142250530785646e-01
1.903750884642604335e-01
2.066525123849964618e-01
2.031139419674451441e-01
1.854210898796886109e-01
1.924982307147912186e-01
1.946213729653220037e-01
2.165605095541401348e-01
2.108987968860580320e-01
1.917905166312809662e-01
4.033970276008492367e-02
3.326256192498230901e-01
2.116065109695682844e-01
2.236376503892427425e-01
1.868365180467091158e-01
1.663128096249115451e-01
2.448690728945505934e-01
1.988676574663835739e-01
2.031139419674451441e-01
2.002830856334041065e-01
1.903750884642604335e-01
2.087756546355272469e-01
1.995753715498938541e-01
2.009907997169143590e-01
1.514508138711960494e-01
1.939136588818117513e-01
1.790516631280962556e-01
2.349610757254069482e-01
2.406227883934890233e-01
1.917905166312809662e-01
1.153573956121726890e-01
2.491153573956121636e-01
2.399150743099787708e-01
2.038216560509554243e-01
1.769285208775654705e-02
6.326963906581740682e-01
3.496107572540693709e-01
